# Sidewalls
-9999 9999
-13.5 9999
-13.5 -9999
-9999 -9999

100 100
13.5 100
13.5 -9999
100 -9999

# Diamonds Row 1
-18 -9.5
-13.5 -5
-9 -9.5
-13.5 -14

-4.5 -9.5
0 -5
4.5 -9.5
0 -14

9 -9.5
13.5 -5
18 -9.5
13.5 -14

# Diamonds Row 2
-11.25 -18.5
-6.75 -14
-2.25 -18.5
-6.75 -23

2.25 -18.5
6.75 -14
11.25 -18.5
6.75 -23

# Diamonds Row 3
-18 -27.5
-13.5 -23
-9 -27.5
-13.5 -32

-4.5 -27.5
0 -23
4.5 -27.5
0 -32

9 -27.5
13.5 -23
18 -27.5
13.5 -32

# Pillars
-13.5 -38
-10.5 -40
-10.5 -61
-13.5 -62

-1.5 -40
0 -38
1.5 -40
1.5 -61
-1.5 -61

13.5 -38
10.5 -40
10.5 -61
13.5 -62

# Left hole spikes
-10.5 -45
-10.5 -46
-4.5 -48
-4.5 -47

-1.5 -50
-1.5 -51
-7.5 -53
-7.5 -52

-10.5 -55
-10.5 -56
-4.5 -58
-4.5 -57

# Right hole spikes
10.5 -45
10.5 -46
4.5 -48
4.5 -47

1.5 -50
1.5 -51
7.5 -53
7.5 -52

10.5 -55
10.5 -56
4.5 -58
4.5 -57

# Funnel start
13.5 -67
13.5 -68
0 -71
0 -70

# Funnel Left
0 -70
0 -71
-5 -75
-5 -74

-13.5 -70
-13.5 -71
-8.5 -75
-8.5 -74

-9.5 -74
-8.5 -74
-8.5 -80
-9.5 -80

-5 -74
-4 -74
-4 -78
-5 -78

# Funnel mid start
17.5 -76
17.5 -77
4 -80
4 -79

# Funnel Mid
4 -79
4 -80
-1 -84
-1 -83

-9.5 -79
-9.5 -80
-4.5 -84
-4.5 -83

-5.5 -83
-4.5 -83
-4.5 -89
-5.5 -89

-1 -83
0 -83
0 -87
-1 -87

# Funnel Right start
21.5 -85
21.5 -86
8 -89
8 -88

#Funnel Right
8 -88
8 -89
3 -93
3 -92

-5.5 -88
-5.5 -89
0.5 -93
0.5 -92

-0.5 -92
0.5 -92
0.5 -98
-0.5 -98

# Funnel End
-0.5 -97
-0.5 -98
9 -108
9 -107

# Speed Gateways
13.5 -112
13.5 -130
9 -130
9 -114

4.5 -116
4.5 -130
0 -130
0 -118

-4.5 -120
-4.5 -130
-9 -130
-9 -122

# Funnel
-13.5 -135
-13.5 -136
-2 -145

13.5 -135
13.5 -136
2 -145

# Galton
# L1
-13 -150
-12 -150
-12.5 -149

-8 -150
-7 -150
-7.5 -149

-3 -150
-2 -150
-2.5 -149

2 -150
3 -150
2.5 -149

7 -150
8 -150
7.5 -149

12 -150
13 -150
12.5 -149

# L2
-10.5 -155
-9.5 -155
-10 -154

-5.5 -155
-4.5 -155
-5 -154

-0.5 -155
0.5 -155
0 -154

4.5 -155
5.5 -155
5 -154

9.5 -155
10.5 -155
10 -154

# L3
-13 -160
-12 -160
-12.5 -159

-8 -160
-7 -160
-7.5 -159

-3 -160
-2 -160
-2.5 -159

2 -160
3 -160
2.5 -159

7 -160
8 -160
7.5 -159

12 -160
13 -160
12.5 -159

# L4
-10.5 -165
-9.5 -165
-10 -164

-5.5 -165
-4.5 -165
-5 -164

-0.5 -165
0.5 -165
0 -164

4.5 -165
5.5 -165
5 -164

9.5 -165
10.5 -165
10 -164

# L5
-13 -170
-12 -170
-12.5 -169

-8 -170
-7 -170
-7.5 -169

-3 -170
-2 -170
-2.5 -169

2 -170
3 -170
2.5 -169

7 -170
8 -170
7.5 -169

12 -170
13 -170
12.5 -169

# FINISH LINE
-13.5 -200
13.5 -200
13.5 -9999
-13.5 -9999
